null1  1990  0  1990  3
2  2340  0  2340  1
3  2500  0  2710  0
4  1990  1  1990  1
5  1990  1  1990  1
6  1990  1  1990  3
7  1990  0  1990  1
8  1990  0  1990  1
9  1990  2  1990  1
10  1990  0  1990  0
11  1990  2  2340  0
12  1990  0  2530  1
13  1990  2  1990  1
14  1990  3  1990  1
15  1990  0  1990  1
16  1990  0  1990  2
17  1990  3  1990  1
18  1990  1  1990  1
19  1990  0  1990  2
20  1990  0  1990  2
21  1990  2  1990  1
22  1990  0  1990  1
23  1990  4  1990  1
24  1990  1  1990  0
25  1990  1  1990  0
26  1990  0  1990  1
27  1990  0  1990  2
28  1990  0  1990  1
29  1990  1  1990  1
30  1990  1  1990  1
31  1990  2  1990  1
32  1990  0  1990  1
33  1990  4  1990  2
34  1990  0  1990  1
35  1990  3  1990  1
36  1990  4  1990  1
37  1990  0  1990  1
38  1990  0  1990  2
39  1990  0  1990  1
40  1990  2  1990  1
41  1990  1  1990  1
42  1990  0  1990  1
43  1990  1  1990  2
44  1990  1  1990  2
45  1990  0  1990  2
46  1990  2  1990  2
47  1990  0  1990  2
48  1990  0  1990  3
49  1990  4  1990  2
50  1990  2  1990  2
51  1990  0  1990  3
52  1990  1  1990  2
53  1990  0  1990  3
54  1990  0  1990  2
55  1990  1  1990  2
56  1990  0  1990  2
57  1990  1  1990  2
58  1990  0  1990  3
59  1990  0  1990  2
60  1990  3  1990  2
61  1990  3  1990  3
62  1990  0  1990  3
63  1990  0  1990  2
64  1990  0  1990  3
65  1990  2  1990  2
66  1990  0  1990  2
67  1990  2  1990  2
68  1990  0  1990  2
69  1990  0  1990  2
70  1990  0  1990  2
71  1990  2  1990  2
72  1990  1  1990  2
73  1990  0  1990  3
74  1990  3  1990  2
75  1990  3  1990  2
76  1990  2  1990  3
77  1990  0  1990  3
78  1990  0  1990  2
79  1990  0  1990  2
80  1990  0  1990  2
81  1990  2  1990  3
82  1990  0  1990  3
83  1990  0  1990  2
84  1990  0  1990  2
85  1990  0  1990  2
86  1990  0  1990  3
87  1990  1  1990  4
88  1990  2  1990  2
89  1990  4  1990  3
90  1990  0  1990  4
91  1990  0  1990  3
92  1990  2  1990  3
93  1990  2  1990  3
94  1990  0  1990  2
95  1990  2  1990  4
96  1990  0  1990  3
97  1990  9  1990  4
98  1990  2  1990  3
99  1990  3  1990  2
100  1990  0  1990  2
101  1990  0  1990  3
102  1990  0  1990  2
103  1990  1  1990  3
104  1990  0  1990  2
105  1990  0  1990  3
106  1990  4  1990  2
107  1990  2  1990  3
108  1990  0  1990  3
109  1990  3  1990  2
110  1990  1  1990  2
111  1990  0  1990  3
112  1990  1  1990  2
113  1990  1  1990  3
114  1990  1  1990  1
115  1990  1  1990  2
116  1990  0  1990  2
117  1990  0  1990  2
118  1990  0  1990  1
119  1990  1  1990  2
120  1990  1  1990  2
121  1990  0  1990  1
122  1990  0  1990  2
123  1990  0  1990  2
124  1990  2  1990  2
125  1990  3  1990  1
126  1990  0  1990  2
127  1990  1  1990  2
128  1990  0  1990  2
129  1990  2  1990  2
130  1990  1  1990  2
131  1990  2  1990  1
132  1990  0  1990  2
133  1990  1  1990  2
134  1990  2  1990  2
135  1990  1  1990  1
136  1990  0  1990  2
137  1990  3  1990  2
138  1990  0  1990  2
139  1990  0  1990  1
140  1990  0  1990  2
141  1990  2  1990  2
142  1990  0  1990  1
143  1990  2  1990  2
144  1990  4  1990  2
145  1990  1  1990  1
146  1990  0  1990  2
147  1990  0  1990  2
148  1990  0  1990  1
149  1990  0  1990  2
150  1990  4  1990  2
151  1990  2  1990  2
152  1990  0  1990  2
153  1990  0  1990  1
154  1990  2  1990  2
155  1990  1  1990  2
156  1990  6  1990  1
157  1990  0  1990  1
158  1990  1  1990  2
159  1990  0  1990  2
160  1990  0  1990  1
161  1990  1  1990  2
162  1990  1  1990  1
163  1990  11  1990  2
164  1990  5  1990  2
165  1990  0  1990  2
166  1990  0  1990  2
167  1990  0  1990  1
168  1990  0  1990  2
169  1990  0  1990  2
170  1990  1  1990  2
171  1990  3  1990  1
172  1990  0  1990  2
173  1990  0  1990  2
174  1990  2  1990  2
175  1990  0  1990  1
176  1990  1  1990  2
177  1990  0  1990  2
178  1990  0  1990  2
179  1990  2  1990  2
180  1990  0  1990  2
181  1990  1  1990  2
182  1990  0  1990  1
183  1990  1  1990  2
184  1990  0  1990  2
185  1990  0  1990  1
186  1990  2  1990  2
187  1990  0  1990  2
188  1990  0  1990  2
189  1990  0  1990  1
190  1990  2  1990  1
191  1990  1  1990  2
192  1990  1  1990  1
193  1990  3  1990  1
194  1990  4  1990  2
195  1990  1  1990  2
196  1990  0  1990  2
197  1990  3  1990  1
198  1990  7  1990  1
199  1990  1  1990  2
